14590805 8409206 25309410 28777211 10561612 27193414 24170819 1401219 22799021 13406624 8085825 5420029 13594632 11425233 24941633 1750833 19802634 5489634 17553436 1098040 10408241 24691244 14904245 1118046 19342249 12520249 3658650 28732451 2851054 4801058 9300659 8526660 17689660 14167060 7549063 27363665 19890870 7400471 7490073 15336273 15351075 12171076 28310877 15523081 8775682 7912883 7743884 24697885 15650686 26964888 1196888 27544691 28507494 12476896 7819097 8462097 14313697 7453697 25588898 7017898 3097699 21258501 15083102 16399903 15840506 24201907 21318111 1844511 6840315 3522917 2679518 21461518 1523318 25661520 10070122 2438523 1886524 7011325 9169930 13596134 21754936 21307737 9584138 24406941 16559541 3866144 24037344 9435746 2480346 6767148 3298748 14454748 5451752 5951752 13471953 62153 10492957 19244957 25936558 2151358 10038163 9038763 15117965 11276365 20421566 12849970 793572 16217975 22530580 14368780 23197381 20499584 1918385 22362786 6079987 23305588 13530190 8015592 26719993 1776195 18678198 15204998 9915999 
25463077 
12569775 
17427359 
7367092 18097701 525506 23851937 11858177 
20501907 
20348126 
11637408 24843292 25902952 
15104725 10205131 7041978 23896384 
17244970 
10021090 
2753840 
12598051 
8514205 
18961151 
27873595 
10090039 
10827977 
15580934 
26634641 
7679479 23066341 2956164 23215394 18471795 
7157744 
15224 
19404411 5609052 
23720481 
464498 
21240745 
26618544 
28726841 
6788827 
10787807 23233629 4950250 21726659 23832067 11989073 16909474 4870081 21000489 28358096 20559505 9286509 3607309 6831310 11487714 27409115 10725931 19357738 3461741 11211556 14239158 21165966 28556173 8089174 
16021808 
3164001 
6316048 
28664735 
17337402 
11796826 
12758704 
6598701 
17887329 
25865 17982284 
22089132 
27398183 
20089065 
20213633 3340873 
24800130 
21528803 
21022215 17426222 
20729070 
14185231 
14173471 
26038077 
20150392 
6789407 
4669709 
8187734 
23915886 
21296012 19745641 16728942 11565398 
8294141 17415949 
11098267 
21952001 24398832 1656449 18580862 20822311 10806925 
17829252 
20350615 
8748299 
389338 
18952743 
9393733 
9837153 
15363993 
18714083 10397564 
10546095 
26718825 
2624632 
23759418 
1253153 
18524486 18887300 
19313471 8841379 8429989 
17449884 
20515962 
14770481 
12942092 
15031337 
19199827 
18808403 
17070307 
9115047 
9233941 
14181803 
16533496 
14632980 
26997785 
9926090 
7652356 
18201207 
7840181 
13131428 
3119229 
25071173 
24348976 
18924381 
23361332 
12741765 
27932467 
16778310 
21591213 
17207642 12324866 15936349 18587395 
18592486 
22276210 
19538079 
6838143 
27917387 
11547071 
24619203 
17752089 
27965766 14003576 
9833301 
15186160 
11982463 
25671347 
15115224 23271025 8533427 22645439 25788648 2001055 2018470 6210485 7140299 20520710 27384526 10732936 9160542 9400753 13083555 24688759 20616559 25653166 13540369 20068170 4632770 26058571 15679572 3185176 23610577 
9790658 
11879091 
27794378 
18839006 
21556786 
18116304 
21514198 
26603889 9048937 15478750 
20861638 
14582424 
22763873 
13241844 
10120939 
27440101 
13250046 
21774700 
15923709 
14502873 
11211059 
18932885 
25415011 9504862 23227067 14330867 2759351 9779552 2859970 19473573 
16453304 10740559 8268994 
8721591 
9750271 
9837455 
16523073 
7883947 
19152434 
25409841 17123738 21044570 
17352200 12166602 18127429 23922116 
18738277 
5433102 7487317 12329925 8775733 
20317494 
24033914 
9112246 
13137263 9661304 17168307 
17429875 
27143924 
10470724 
26168025 
3572651 
27928988 
15331024 
16079251 
22981223 
14398841 
25272881 
11413385 
15687561 
8253403 10517710 17386594 
21156052 
13540059 
24224525 7096937 
13869417 
13940278 23465880 3270483 13371287 15095291 7245389 
12238495 
24942397 
20999417 
22720727 
5656288 
14894734 
16706439 
26949701 
2380271 
3218868 
7868520 
19894554 2166957 
14271876 
20105225 
23439015 
6724662 
13227718 
14971597 
1353427 27047854 9673502 5620540 22177160 
13462272 
7593505 
9241405 
24267013 9353017 5483624 4122627 11769833 15297634 26359238 14998844 11824655 25977058 15410265 9046067 14244675 17607677 27155478 15094879 15708288 2631298 11532702 18914918 2123522 17421922 18677723 21808524 4532124 14771726 8032126 18404726 15828331 26540132 21571737 488138 19630344 7882155 24575557 11568158 10719362 13084963 8975964 1877368 14421169 25939580 22832382 9621786 3135587 11078789 4036791 2275798 
145145 
9084334 28054755 22026784 
13848716 
19649881 
9387235 27968502 20079142 
11206479 16329313 
1881002 539226 7566082 1179288 20795095 20023706 12795139 
10253426 
11324717 
24382665 
18114342 
17276372 
6845079 
16282663 
19549564 
11390709 
9954005 12346011 19065626 21190668 11291111 14268347 7800785 5311187 
14407227 
16069446 3640911 19427771 
12563855 
9695869 
15307673 
15933582 
21041400 17412606 9883412 20589413 9174632 5608634 14029836 11642450 9813251 1582251 10860452 6851254 24091863 3495064 4053270 12367072 13021473 9739073 26008892 16709896 5569503 15835111 26024514 20501522 21342926 6966929 15893948 27597952 16952757 13353993 
3131116 
13591125 
19347440 
9281037 
23126117 
9733254 12830710 18379141 18312358 
27199929 
25217690 7151573 
27757036 
4238574 
11956446 8026697 13026510 
22557524 10886979 12500987 19802988 
12643917 
23542470 
3437040 
27888599 
24209098 
22963977 
24002520 15214987 
14452619 
27122151 
9250615 5151424 
28113800 
22354721 
3945163 
5077673 
11655898 
8113387 
9639740 
15855060 
16512782 
18466768 
13909380 
25444716 
28752666 
11185222 3949883 15193087 26989729 
18390593 
26010985 
2213007 
7295200 
25691059 
2346801 
8859212 26991812 28381412 7651016 13859429 11150029 7191234 28184637 6971441 8026643 26317446 22666849 9156250 24825455 9335079 9000498 3549100 22223529 11954329 25416540 18712542 20547352 28582356 3441364 23096573 26277185 11662988 8699597 
10923958 
3421560 
14225339 
25111619 
6916969 
6088342 
21079135 
20016689 
14246387 
3136783 
18154585 
8463954 
12766903 11447719 
28746855 
23401621 
22476389 
2229575 20989189 
7994631 
21193619 16274864 8097533 20674940 3810554 
19912984 
5470230 
3572946 
22081689 3486596 
15155372 
14624345 
9464180 
11144154 
17397604 
18391228 3004294 
5128166 
17592147 
1901400 11195101 
14794010 2527816 11093416 2949221 23335425 18263226 19726627 21449649 24404454 9309060 2644063 21928672 8116094 13162502 7356905 9874519 7728119 9289324 19387524 11300134 4958942 19908349 18088755 25603567 19073973 28410977 13729578 15101181 12634186 
13174743 
23109875 
12067762 
8866831 15588043 13968489 25201722 11786948 14396555 28645368 4741188 
20574126 
12719874 21932281 6873921 
27335832 
6709264 19753377 
25513029 
22769067 
28550208 
11283890 
9184989 
730756 
18402928 
12461488 
11221560 24604373 17625587 2099196 
25669188 
10511478 24787926 14770982 
13782069 2904892 16555496 12641702 
21829280 10825292 7396500 20185319 21825559 
7145412 
21582403 12592689 13159923 
12861728 
8619817 
2036419 6885862 866109 23960963 
6324690 
8891798 
4229321 
16908862 
3150436 10911193 
24050327 
13330214 
5607232 9255046 22365462 11465272 13133300 28266527 1833132 8347348 
11278148 
3780088 
17216621 
11375415 
16430810 2872420 356627 24137428 4399250 26517052 11963667 3148867 7621719 
28122204 17928237 18757646 4690077 2204938 7664340 4329547 22191958 9567391 
22481675 
4763204 2376408 17487012 1999419 26860030 5306032 24750638 26995045 8320483 7548103 5159721 16009936 13681338 10916941 5807363 28581171 6593973 17576775 7730794 28083194 
16482214 
19834797 
19105296 
10746410 
13059424 12524830 20434640 7309250 
24756959 
10706626 19691631 6080711 19238742 4048797 
5353074 
12841624 
14248128 
1952630 14418074 3509110 17124554 
13751950 
10933229 
8072411 14399822 17065643 25570561 12167183 27159590 
13866379 
8873083 
12816245 25755250 8137784 
3256501 
23779456 
25321604 13719009 24130243 
16810466 25936070 
16972679 
16502340 
12651703 
20687867 10598881 24475107 11485117 
1645218 
12179440 3136862 10304670 22140515 
27004255 25496657 4194070 17223317 11661134 18271594 
3023238 
18958924 
6162142 
25307400 28516414 22404415 8879820 20447226 8342437 6939451 7828062 11446265 22659467 5406270 24216894 2644898 5424910 28428919 23287921 14099124 8564530 1036537 21622358 21566379 15432582 26704786 24864188 26530193 
7257206 10999211 14000820 17813627 22714634 23582036 12366443 12605254 5455279 5547691 27339296 15496507 23292520 9707733 26712738 8666167 16723183 
12330714 
18599545 
12260823 
8810858 3037279 24672497 8412518 
24761258 
11593658 11893912 28761767 
12920754 
14000078 14931922 25489560 
7937250 7219530 8255132 13067345 
25442609 10402014 9013014 14874630 23416030 16628838 14849662 28434664 2156693 17605498 3576113 13750731 23925536 11168738 15367342 15203348 323167 21935568 12782969 28087371 27051787 6519990 27813993 20506599 
14928332 
24910317 
23393224 28269967 
15032414 10212661 
27505617 23678095 28819300 10539108 6606139 4638741 
8348700 17535315 22560334 2198198 
9639186 
12044531 
24478633 
19062834 
27781888 27636498 
24907741 
6787807 3176070 1171282 
18929180 
11789186 
25278054 
11745360 
18401886 
11375479 
332109 12418938 
28389772 
757912 
20356656 
1604393 
18094382 
20194382 
10956654 
9059352 
15855405 3143233 8335353 25520961 
11165466 
19077748 
19153452 
10471043 
9802148 
12180152 
21447338 
983268 
10832525 13462158 
11803656 
24057204 23869631 22572833 25002443 15840856 855458 14521864 24985683 22292488 2985498 6636700 20220903 10868104 26799717 320125 27542549 27314154 8907758 12557561 24398167 2524775 5445582 
11326392 
14064542 
26902989 
9516135 
9052914 15637549 
9721816 
23310513 
19650589 
20932174 
17952178 17710984 
22978489 
13295022 
28315522 
9508618 12087992 
529436 
17315852 
12780233 9044726 
15043129 
12409436 
12806065 
10231061 12946392 
20510149 25872190 
9011808 25247311 
22076881 12974700 7877182 
11785282 
15308081 
18517249 17465896 17462985 
20266771 
10436452 
28529200 25804600 8703400 15685800 14061200 17151000 15786800 22751400 13044400 16073200 26978001 15135601 16002201 281001 1283201 24239801 10175801 15460801 23462001 15339801 18757201 9131202 19446602 175002 9917002 17456602 22554802 4447802 24961603 14813203 9240803 7836003 2705203 8497603 10231403 4352204 26230204 24132004 10958204 11949604 28367404 25887604 12932605 16617805 3643605 4299805 6117205 23411405 12427805 13541405 7268206 5178806 27363606 24001606 25541806 26038406 10244806 24130007 18415607 18846207 15500007 22222007 8677407 3208408 26684608 15090808 10131008 25747208 24017208 26795808 18417408 22617408 5386208 3615409 25456609 15161609 10974209 24091409 26609009 22030209 4138209 27089209 8867610 3618610 15850010 4922610 4288610 11395410 17128810 9130610 9175210 25484410 22345011 25134011 20909011 19481611 20170011 23896011 21643411 21180011 22173611 6194012 743012 16607012 15806412 6996013 4976413 20226013 999013 5989213 10748013 13418413 9725413 9011214 6888614 15358014 7564614 6337214 20196214 23304214 16077214 26212614 25105614 19261214 20479614 23457415 10165015 38015 10557415 22711615 7592015 24931215 20594816 25601016 2028616 3783416 26065816 23416016 22470216 8710217 22986617 9252417 23826218 22095218 22586018 28136818 15560019 5350219 9050219 6104819 27781019 23395019 6066819 21884619 6419819 17394020 27921020 24938420 17439220 24980220 21109421 1127421 440421 7336221 3596821 4756021 4560821 27414622 1821022 16872622 20692422 17895622 1107022 3720423 14282423 25762823 20028823 16565423 23635823 4426223 23394823 13999623 22898823 7890023 19202023 24355023 7645424 9385424 15301024 13252024 10006024 18679224 20711024 19560024 12425224 17274224 24819825 22096225 20044625 10277025 22929225 2861225 1789625 26063225 5828825 9637026 20044226 8400426 10399626 6496227 27741627 17755027 2954627 2777627 25819627 24333827 25686228 8773828 24769628 15554828 16096228 21728028 1397228 6940828 14629 7801629 28118829 17495629 28645229 18732829 9844430 18153230 13725830 24455230 23920230 21994230 24671030 27887230 7434231 359031 25232431 20516431 25494631 14529631 27085231 28457231 17499431 587631 14768031 7311432 3301032 13877032 16047432 4346032 459432 18369032 1457432 22205633 7183633 2669633 24358633 1384433 26483233 25894034 7489834 4010634 9629434 25836034 25564234 25698034 7054635 26469235 5694835 27234235 743235 14833435 12879835 4639635 28373036 6993036 2730236 20149836 2328836 24168636 14192636 28425036 6219837 27710437 11797637 25219037 24086837 16604837 13251837 5378237 20425637 21332637 9518437 5665438 10462038 13641238 16760238 13087238 28193238 13919238 17431639 26320839 21568239 23727039 28497240 6403040 22056840 25650840 27195640 27154040 23033640 2235040 23051441 20924641 14656441 26855241 19043641 9529041 26443641 18462441 3625442 5748242 18804842 13322642 23551042 28611442 25418842 19146643 3829643 18645444 779444 11099244 8496844 2343444 25544644 4441844 21373244 7037845 5632245 20046645 10089845 10792645 10070045 24510645 23761446 14608246 13355646 23734046 4032046 9142246 13817646 28040246 4769846 5332647 2222647 27912447 22722847 19561047 25187447 21067447 13855247 7843647 10086647 6748847 17604248 1697848 10345048 5700448 28427648 23280249 9865649 22377049 1307649 23292649 21959249 15770250 21862250 28509650 27270850 21432250 25605450 22887450 28120051 19249851 14693451 28578851 2114251 20816651 3197051 22565051 14239051 8440651 2959651 27250651 15121651 10354251 6402251 12297851 27336052 3179652 20902252 23340852 5380253 17271653 19534253 25712253 13390653 3668453 776853 26026053 5443453 26289853 11974053 20585653 22280653 25563253 26930853 16327654 17070254 13208454 25896254 4286454 4731054 16198254 17617054 26597054 24418254 27851855 13663255 25609855 22806455 23511655 6091255 17232256 15088456 4748256 22039656 23264456 54856 10386857 2103457 17957457 2536657 163257 19328457 13480658 710258 25238658 26165458 17666058 25865458 16446258 27847258 1946858 11736458 28612458 23476059 23971059 3599459 19274059 19834859 21696659 26833859 21707459 11049259 8858660 13477060 11797060 9168060 20958460 16855460 14297460 25349661 7247861 18059861 23228461 14509461 1085661 26131861 25002061 18650262 13517262 1686862 15993262 23655662 942662 5648062 10641262 24882663 26236663 15490663 13695663 8272063 27534463 21313863 389463 24827664 6894864 7208464 7618264 12145864 12414264 22495264 27470465 27256465 23261065 20973265 6029665 12450466 20473266 13034666 10712466 28341066 26868866 14535066 92266 27612266 17081066 13753866 13310866 8423066 23821667 14947267 24627467 20165467 13526667 4572667 7184667 24857867 25649467 21540667 11260068 19092268 7241068 10643868 26271268 21679268 27755468 28062868 15254868 12313268 7739268 3686468 7459868 2274869 15293469 6148069 8319269 23743270 14538670 5369670 26900270 22142470 7591470 14936070 1211470 26949470 5059871 19326271 16995671 20331271 5186871 26948872 23413672 19741672 12480672 19277472 5727472 21455872 18399472 4016873 20086473 27853873 13113873 11498673 10189073 12153673 11431873 25238474 24243474 25376674 26458474 11569074 13854474 22598674 210474 22246675 19195475 3269275 20487275 17796876 27648076 860476 11481876 28453676 9554076 7980877 24800477 6745677 22141477 1089677 13701477 26145277 13412878 19979478 19216878 5331678 27570678 9918678 17772279 28249479 4973079 2296280 21695080 23246880 22869480 5718080 12510681 18156881 17183081 27666481 19158882 3225482 11391482 10662482 24866682 13741882 9153082 10715283 644683 24857683 26989683 21438083 9133083 9935683 3758683 12461284 11019484 13521484 7800684 10321284 10842884 27661084 319084 5000085 13796885 6853085 5043885 22686085 11038285 7102485 1853085 17262685 7069685 24633086 18013886 18829086 5051686 12053487 7532887 316088 19954688 28335088 18544288 2277288 20326089 4957489 22070889 1424289 18003089 6954489 27804689 1355889 11237489 24233889 19036489 23674690 11010890 23229290 16925890 7514090 27073290 806290 21999691 2448491 7622691 5065291 16420091 8331491 26909491 5642491 22136291 3852092 24923492 20268292 12626092 4515692 12549492 22067092 6592092 22816292 26114892 4484292 4793892 9626692 27484093 4884493 23648093 6931293 7558093 15640693 23977494 19624294 23044294 311294 212894 7869695 1481495 20335895 5417095 949095 14811295 15649295 10640295 22926695 10940495 17864896 25140296 19310296 20383296 20138696 14759496 23979496 20556096 8815496 1640297 19130297 22397097 15461097 25069498 28159898 9892298 4322098 12306498 4086898 17933898 3438298 7974098 12008898 10863499 5976299 20798699 16746299 14458699 9990899 9923499 13845499 3067299 2655099 17708100 16096500 15507700 25479100 11946501 14286501 3650301 18975701 24487902 27865102 27103302 23137502 19900102 3637703 22298703 26861903 22501903 23480503 15935103 15500303 16317903 18745503 2774104 12357304 27235904 28762704 6302104 16954304 16719704 24795505 18054505 13834105 4629505 17810705 28217105 21394105 21856105 1535705 24974905 4218706 12797906 24651506 12626906 16989506 13443706 23514906 24669106 556706 8132906 6267507 23262907 19144907 11768107 5819907 19452907 26566707 9331107 22622307 406908 22284508 8953108 7786308 378908 28157708 24939508 21034908 26482108 19754908 20871308 11622108 18611909 18733509 5718909 5832309 1217710 17276710 3794710 12503110 25080510 24638910 26506910 23090310 8968710 27161511 7132111 21191111 17516511 17537911 22858311 12622711 2390911 10857511 27738912 26343712 1966112 7017912 25412912 11166512 10697312 5091913 9366713 11808113 8716913 1192913 12193513 21095313 17148313 834913 21970913 28552314 601314 11743315 17736515 26992515 13077515 21015715 7789915 15787715 16634516 12158716 2205116 4048316 26490516 24556716 18014516 3881516 6120116 15853516 19977516 24174317 3984717 20993517 5969117 1108317 15899117 17617517 15075117 12492318 12424918 18318118 2108518 23553118 14826918 12772718 4604518 8741918 24191119 14543119 27984919 3664719 14446919 11843919 27537919 11216520 5674320 497920 10707320 52120 17514920 11653920 9900920 5770521 196921 27943321 8871721 588721 1753721 23860922 2861922 21317522 23140322 20479322 24480522 10350122 1031522 25748923 13136723 25634723 11712123 11247123 16596723 26565524 18353524 11076724 22107124 15146924 9004524 13290324 25605925 14769325 3461925 24675325 13723126 17514926 22306926 19331726 19022526 28377527 10269527 2714927 14089127 25547527 1346127 21663127 9606727 6264728 28032728 28430528 23775128 28770529 7865729 22094329 26832529 16716729 5351129 19195329 23615729 27077529 4356729 21841329 5787929 16180530 4980130 11229730 28359730 26959730 3919930 8851930 16386130 28083531 24830731 26594131 22441331 19290131 3461332 12529932 24523332 1627332 16659332 690132 10077133 24573733 21137733 17059133 12695334 7323534 25315334 2680734 9958734 22398535 4969135 8297135 3735335 23560335 24194135 19343535 1251335 28416536 8798936 13798536 7381736 24639136 15836736 8907537 10931937 12422737 1401137 14306737 11325338 15113338 10678138 24579338 20518138 15003138 16856938 2276538 14964738 15741739 24851339 23137139 11644939 18457339 24983739 5453940 28822740 16531341 14978341 17178941 18792541 20997541 6318741 13250941 9707941 13171741 19255541 12742742 26857742 5754542 24146742 10671342 12186542 21397943 18619543 25626743 23569543 10474743 22087543 10903143 12764743 16015143 8237344 1419744 14671144 2967144 27492544 20422544 6423744 16620344 10044944 2214745 2102745 4461945 10700545 7882345 9246946 16893146 3745346 25190546 24838746 10449547 19773347 20065547 21916947 21165347 17687347 25540947 12068548 25249748 7810148 1482148 16690748 23706748 18136748 22305548 4964548 23566348 10947349 25579149 10594349 17688549 8519749 3517549 8420950 19233550 19074350 25331550 1852550 11473550 20422750 11382950 28055550 2124550 25303551 476351 13984751 14842951 26238751 11947152 15733552 18104352 14582752 14523952 14543952 11285953 28705353 9227753 7406753 12627553 1422753 4819953 24485153 19835154 6005754 11377954 17389954 371154 1660954 26202754 26460155 24303555 25582155 40355 27811355 23551955 25680555 3514355 19359355 12720756 20854956 10447556 9553556 27659556 8203957 19291157 10587757 17210557 5086557 9853157 22079157 7380157 24367357 11066557 24152557 27055758 25334758 1935958 28137758 20980558 28065558 24756759 2999559 2653359 11455759 26648559 1579160 20147560 14749560 12945360 7331960 7081560 12242160 10730961 11903361 13626961 18104561 14217561 24380761 22790362 16727162 24675962 22547162 22937762 7204362 10040562 15354562 10465763 13869563 15702163 19816363 20097963 6937963 13551563 14433363 6530563 4134364 1865964 4443564 14926164 2962564 9296164 18295964 8127164 3326764 9346765 26387165 19573765 22812765 17369965 19433565 18139165 459165 7963165 3391565 14666165 24956765 9893365 8593966 15883166 24115566 19369766 24223966 23142566 11113967 9020967 5872967 15747967 5845367 20900167 26007968 13850968 14670168 7008568 7264568 7186568 28431568 23983769 1700769 14796969 27459169 4890369 25159169 20735369 2462369 17621969 7301769 22752969 13090169 2824170 23367770 8351570 8623770 23116170 6834370 11824570 471570 24570170 13078570 28371371 23816571 11691571 25644171 2648371 20041771 25033971 7431771 11278971 11459971 6492571 24179171 21480371 27075371 18641972 16395172 3511972 19347572 791972 27941172 19991172 12216572 21020973 26248373 20025373 4497973 16918573 25761774 15231174 15173174 24331374 954174 26807374 21226374 13076174 13586174 13553374 27842775 27311175 21866775 22684175 7390775 15428975 26512975 10614976 5375976 19752976 25717777 6111977 15325977 16617377 18923977 23259777 409177 8160577 469578 15146778 4273578 18212978 6976178 14507178 11168578 22542778 27472778 17349378 1597379 15780979 19937979 5393979 8603379 8398779 8396979 1207179 6072379 23219380 11159780 6239780 11919380 2802780 3183180 22470381 16727981 27270981 5690581 12001181 20683981 2224781 17786781 4905581 17228582 21485582 463782 10135782 4647782 21769982 27285782 3841782 13144182 15414383 17014183 4264983 22969583 9135983 2529583 485783 4566583 5755384 600384 20571784 21564385 15721585 211985 20577785 5245785 24383985 23617985 26612986 16032586 12275787 19006187 26782188 22132588 2543988 7495588 14070788 7317588 27097589 11872789 13025989 1817790 20743590 3224590 1433390 19395990 27939190 1733191 9524591 26963591 4843191 20796591 19948391 4450991 5215991 1465391 13693991 20860992 8997592 18875792 11564792 9020992 11069192 14698992 13398792 19607792 23013793 18812393 8081993 14315193 21527193 388593 2840793 15487394 26456794 25593394 19437794 19807794 1765994 19510794 10485394 15361994 10636194 25119794 12732795 2079795 24454995 18980995 13761796 17830596 20099796 10583596 27884596 22261997 9973997 14734997 7848797 403797 19549598 26381198 21128198 25952998 17807998 25904598 5263999 11063599 10694599 9773199 25709599 27169999 23929599 
21553025 10963559 11339774 8987199 
7013509 
9193343 
25725525 
7702405 20968618 21637230 13926688 17041767 
26323445 23730081 8141374 
15779267 
1514598 
8409257 
5976202 9624972 
16327343 
15113241 
9105802 
15139879 
9892709 
17646296 3417906 13734510 8359156 
22138441 
7024877 27039345 
7624711 
7860405 21987025 24330826 18873647 12678651 10467859 24485078 28372879 2774086 14918486 11430686 18222886 18170898 14154901 25069904 5341705 981110 14031514 28513921 2591727 2469148 10405171 16587184 8949184 19008593 27401994 18480797 
14302973 
21960796 
7954475 
7158310 
3477035 
20263515 
7449206 12672817 11498822 22322243 19407853 8800469 8564471 19997295 21796497 17443698 289106 3224707 12147908 25763113 3081126 17154338 2266140 28597143 14700744 14429594 
18227922 
4524678 
22998143 
14565859 28339689 10188577 15981985 11836391 
11605972 
25889033 27250838 14202476 8903385 
20747606 
3389449 
28156921 
19708096 9418193 
19393137 
12950417 
8429524 
15953262 
7269709 
18334408 
25092070 
21758030 
23197207 12470215 7324623 815260 7958525 9423577 
16774442 
4296209 12387228 12329828 23210631 13233072 7446289 12481706 23353520 17363929 25720550 23017951 8857590 22936596 
20891424 13357488 24879498 14281766 8117371 
18179968 
14421331 9722384 4946789 
28813748 
20512403 26158808 25738209 23143421 4069624 12252647 27621258 20820263 22949470 12495695 11018707 26930709 11264509 116116 5272128 5543335 16997146 15554156 12029562 14553563 22643167 15623777 23340182 
17885053 
3262841 11588046 21444876 7138933 3298139 7690146 7389760 16279974 20563389 
3964937 
25374045 4933894 
7345120 
11827830 10215920 22542540 
6541414 11074417 11664818 17069023 16444629 12392642 24652453 19138655 7449256 20529862 14678066 16931073 27022475 26308683 17873551 14387166 10912983 
28172734 22554985 
19655040 
3368979 
13388962 
14099206 7912411 16921612 13142679 27381094 24110712 3376114 1967938 25883346 14526549 16007974 19449383 3892583 19837190 513393 
6381823 15102725 8898564 16952394 
22934336 
6883442 7441533 
5664418 7680220 16802029 17858477 9968496 16205137 1117139 2032353 15613756 
4725482 
10187342 
27099430 21914447 19702849 3586682 20763688 23480892 19955894 17984520 24095130 4660767 25979574 14101183 
3522606 1471246 11103850 11024478 19079941 8745978 
21679029 8742831 11953057 21247266 5416192 
7175470 
26715455 
16357758 
14960539 
28781483 
20360595 
8507794 
2717448 
1072147 18467792 
16677366 
22039501 
9383784 
18692057 
10666612 12317082 
4422010 18420212 5140413 1158040 3377315 10227574 18204983 26228188 
13513654 
18014256 
10058837 
9950312 
21802181 
14798322 
7864024 4184229 11977437 12180038 27623653 13922277 2158077 19291101 23503945 22269546 9448772 18818190 
13612891 
10643171 
8739271 19443188 
12778659 
3110097 
7397395 
16638868 
18272028 27417477 17401293 
8130724 
14481414 9265431 
6843447 
6571654 
7432298 
24075247 6371675 
243048 14767484 12231346 28471369 
3485493 
26058781 
2539065 
10766415 27702420 15579677 8703684 28411120 9227926 20451544 11038945 1550146 23182347 3988148 191990 18820394 24173799 
24196432 8627643 12782653 24533256 14675662 3142678 25439903 15672376 650998 
15577663 12868683 
18258003 18245404 22078815 25024650 12709879 19032288 11364288 22515497 23183702 6995105 13960931 26854350 20109952 22704154 8026366 8379378 
8612508 
11905043 
15062329 
2234924 
16437658 22821905 11170355 20231795 
23048611 
18142141 
6323047 17170076 23547084 15572558 
2008772 
6515077 
5752869 21523511 
25779407 
16798516 15073939 
28310040 
14796720 20692957 
24888080 
13296646 
18942791 
27894922 
17153531 
16825072 
12619405 
28502413 11587847 17830593 
6933226 9836046 11286651 23095251 18631476 530329 28021340 28814358 15358768 13932984 26721788 
5120706 
15538816 16956237 1535449 17752662 9564879 19883093 28110332 25288347 17050380 13278987 17387189 
25804875 7220489 17239697 9721131 6792345 14605756 
18505737 
10868006 23648420 19511222 4025237 26893840 16525241 2996897 27682911 24635521 23837924 8994125 9249732 27903957 28440172 
8613005 6926937 
9844270 18069091 6788952 12081993 
5986008 16695609 9389415 24063820 17504035 7073037 21518241 27314043 14193243 18678050 10372852 7399465 14830293 3307694 18180110 20755124 24507328 2644935 16626536 7538738 17444739 19167942 10307745 2808186 26752392 
19739668 
18472689 
14944170 
15077857 15396480 8371493 8667195 
16449401 
26852429 
15684369 
25674867 
26151008 
18004168 
10473579 
23572839 
12193820 19931916 
26476257 
13894008 
15832618 
19944415 
28455229 
8246400 13084201 3469404 8317410 10992416 24739025 23720225 2518229 18429231 10714240 12408847 18683651 25107659 27342470 6975471 22317473 7477674 21608477 10463278 28393680 20100500 25786706 4060707 13253709 27752712 13951519 27343920 25662731 20656558 12346358 10531962 20423165 1624366 24021570 20358373 7483774 9461175 21490977 8503778 23827980 16332780 24459784 15956388 16822988 23723589 
19681235 25163442 
16327532 
7801052 
10797369 
12845203 
21620015 
16201928 
25888013 
9474342 
9463345 
20119335 
15561210 16925814 6860815 9777618 17425035 25700635 22012436 24820039 21047843 8321248 20418249 13512249 15491250 21732452 3706656 3402060 3852464 21902864 16380666 14145068 22319075 12312480 25472086 13894495 332904 4855306 2211307 24547115 17324916 18034117 10150517 4808128 28029132 13063544 22655944 23705348 20020555 26079960 10756160 9572973 12619377 4668977 9157380 5428989 955193 
21491665 4440776 
13565921 
18489694 13465899 23817930 19229135 
24774415 20047819 13269224 24371038 26205644 21115251 7049464 4444269 28322888 9091888 10414289 27776489 19281499 24538306 4370115 14542919 13408346 28728548 21655553 10085962 2950169 19910575 27218784 3635389 
25755187 
20362300 
6985600 12495204 14137006 23150417 10672620 27656622 5237634 3636644 22175449 9582252 6579854 23275855 15917058 11483277 2567881 23332683 1626884 8690691 20839900 21234318 581523 18572533 10120547 2010152 17479778 3920181 7501987 18040796 
15261142 
21815802 
25306684 16830967 
15642010 
24597987 
18934204 10873607 20806616 14574016 13525830 17027639 9481839 27941048 12562848 22256649 16283068 18974475 27852880 25988088 5510092 6987906 18490913 3758518 18685340 10150142 16191770 15433580 3320786 
14858856 18096790 
15515672 7393913 11883746 2873995 
23523690 10447997 
210571 
28651207 
7712171 
19503931 
15325415 
13677408 650579 
20868788 
16343103 10925979 
9915778 
28775721 
18684444 
16603642 
6558657 
5945567 
15836221 10939088 10253526 
27186962 
24907807 7208043 11686868 28704095 6439907 
7353672 8481361 
27860611 
23664207 
17331208 
19589202 27541011 22638220 10992624 17943629 21607043 13336846 25939450 11444855 14245895 21135502 3496505 25731713 3081924 16209347 6426156 17632764 13264564 14121967 10191369 14249571 7846182 17331995 3946396 16757397 
26346340 25064974 
25576010 23494444 16410893 7661102 21938904 23639306 9954551 11512999 
7277810 16594076 21879488 1401138 
7283304 
9405821 23502699 20363956 
6034930 
20358542 
2642783 
10274730 28416550 
20974600 16337003 14983213 8455026 7890037 18924440 13608451 9719458 3850084 10267497 14172502 2684724 8204131 16634333 3544336 8153147 11991148 16338961 18523170 12439986 19137587 24977596 
25934120 23136991 
7872353 
2087500 21690914 12910345 
12792840 4931464 23667178 
17657210 17394810 2089810 25696251 24514257 13690900 26025505 13878908 6231184 2270994 
8649451 14040055 13614082 6395490 
17545441 18492248 13215472 3271486 25478517 20845576 3305388 
12812459 26818476 20377481 
23832813 19646023 8101827 15229849 1340259 9769661 25776105 10230114 8678176 
15879659 
8965070 
11347409 8816253 22623681 17130111 18291718 3097522 25708193 
11342177 
19175759 
9812193 
10987610 
11404992 
17614194 
3291817 
15908099 26795564 
7375150 19644373 
12691554 
2415694 
19636374 
16569897 
27826007 3161080 28760557 
24132747 
27577801 28531403 22051805 8909608 24394010 3906422 10107223 27579427 18510429 19541839 564446 12858651 24758457 3794067 9168269 24088675 24754677 19610479 24583685 19851290 3613498 17335712 16247523 18760526 10108338 1475338 21069140 13104542 11410544 20734746 16559557 8496760 7440362 24176165 26383975 17432381 
16567085 
13972545 
8184225 7211370 27483787 
8854626 22581269 9667491 
9565929 
6799004 22203005 817469 9027883 11096689 15194785 7954590 
8514019 
10142850 
20600646 15666046 22437671 16493309 25695921 
24279084 19834311 10204922 22807529 
11814668 21083883 26971284 18062696 4408924 8235730 24239335 5037347 13585976 
9959020 14409662 20196264 7234265 9992482 14111287 24584498 3817102 6765551 
6877311 
20604187 
19812066 16279749 14465988 
9186487 
13127258 12882497 11412699 
11517750 
20361962 
25267532 
17573606 14915431 22791530 
22863415 17156050 5614961 
1950329 
11111475 
22263282 
24612327 
12705750 
23190116 
21529708 
5509360 
20185821 
3742876 
9333808 3349220 
4170009 
14191825 10874964 
8590914 
25248143 
16124203 11873204 22837415 28132230 25542451 16493658 19843472 22212886 9566695 20124321 14369941 23708969 13071571 
11981409 23142414 1942616 2498617 514225 6126634 12384439 14762240 13660843 21433258 24326478 9907491 4859496 7749909 8109331 25878531 25027161 23645163 14854764 14690766 6544169 4786970 1496581 3159583 5118786 23741387 20471194 
21068619 23851460 8623740 
17197801 16336603 317004 15924806 27129611 27591817 6151236 25332848 4135057 25594288 17231960 22756581 
6269800 13749229 445443 7022465 7229916 8792138 7077559 
6838262 12320686 18427898 2702352 25967369 
12954608 23975320 22009121 7194150 
25490013 24189438 26165256 22748307 8081912 28096151 16955754 18160961 4778571 
630212 11456432 22015233 9033449 25824050 7996451 9757272 9042080 12358889 13139103 12130121 13265333 5379944 10674150 4885954 26464973 10903396 
2974315 
24730450 19096108 
4580953 
17626078 12186697 22872173 
74494 
9428902 
10287905 
17092466 26642770 
7969377 
9610215 27614618 11697621 19716627 17245630 16665633 15935835 13426449 28700867 6913090 5533697 18772702 16749703 10732705 16663711 26444736 2867345 19100151 15095155 20025562 25993763 14331166 3071776 504584 
2119744 
15222641 6538300 13776537 
11598367 
28354841 
1109823 3591276 25805882 9881126 
6944415 20236099 20440304 15188316 473317 15042552 
18623628 8416642 28292461 20133690 6853585 28567595 
21731559 
19296420 22129231 
23429660 
22264603 6340608 4831412 27164426 6937464 28580934 
18564374 
13263099 
6389236 
18672448 10331301 12790971 10407388 16913589 14824997 
23253007 15607829 25601431 11553645 10400857 18616058 22442862 16344887 17101097 9073129 15008935 23982145 10436169 
28247284 13173982 
19026316 
3109863 12140927 17663942 4356570 
16501597 
15624119 20711594 
11299924 25416188 
7858129 
9794413 3383617 12781077 10723289 16757175 587385 19686793 11228194 
4119718 
18218508 7613766 
18507718 12855579 15318390 
19568055 11313061 13895862 19734765 17679180 
5863220 26041662 19529724 
27861084 13953179 
17204414 11965739 7309954 7734998 
3530353 
21582610 22742240 3352058 11643973 
28277431 1502689 12360578 
17987423 4112647 524848 1751316 16130731 
10947006 21379457 13035270 
3170961 
26796604 27613205 3684407 2119416 27679022 28008227 10161428 10328431 10672032 17029838 27745842 5218052 20999261 26755861 8139664 13685671 16580080 15742081 20433482 12870288 3771697 27717701 14429104 8280113 12745329 20421934 27153540 13464343 17965559 10827559 14545963 13748163 12557563 25145363 12098972 6469984 27060996 1800597 20143797 28374398 
16129829 23380456 26798665 
18496747 
13548030 
15791392 
21511222 7859833 10375454 28788861 15047702 12789730 16167554 14947376 
24897439 
16181144 
3297422 14751838 11447295 28067740 2478143 12286346 
24416140 
6347067 
13910583 
2233572 
21388456 9811361 19936386 
5947174 
24065791 
20105127 7133527 
23611009 8269641 13889932 2371585 
11369611 11202232 19501833 3117838 21657638 13602652 16509062 16885465 14390069 24447685 10221890 12454692 6777503 
3502243 27300084 15725892 1740892 
4681632 15516291 20427337 
538018 
8707705 
7980499 5368121 13001555 6251156 
27377130 
13137655 3324995 
16957704 
11121425 11098039 1854282 21605379 
23934681 
23232615 3507668 
13193368 10562375 
15168429 18350073 17895302 22144761 
11134451 
8525718 
12079086 
1621427 25235628 11718678 8991085 21573699 16370107 17469316 14084356 
20164482 
11099230 
18557921 
17867419 
27623782 
4654363 
293052 22405357 
24210401 12990605 12112410 28213218 12965451 6324458 11104878 16792685 16576289 21154507 25999716 16364118 6198533 17764340 13377543 12836952 18597756 21631557 6603175 2925586 19096187 9847988 292194 21132794 
25768151 
14997811 9073160 4590577 
21007560 
13857263 
7651459 17339676 9325733 22135576 
27998602 18768015 12460226 24238231 18135550 707151 3411778 17753591 
26198006 11533635 14906856 22576866 13160135 
3563557 
2150201 21905604 20604048 13677256 19690657 19826675 16264078 7084086 25428292 20776496 1339696 3192118 3206727 7634340 16769742 22715148 7325959 8923565 24303366 22280968 16630375 14820575 27292576 15763589 
1671651 9025469 16991698 
17268628 11862744 
10301311 
16376904 
9963515 
6406813 23190821 16866223 16885233 20129233 16608838 17169250 7781255 14171265 7354868 28492269 9642078 22259680 26422682 18549692 12288708 24683709 12750909 17073716 16327119 25258521 8114126 8916527 3064932 9992932 20380342 6534950 8491157 25015758 9353161 12121978 11564580 25423984 7830795 23705599 
25630767 
27666603 
25047613 8907983 
24391203 3410604 12876812 16458218 6955032 422635 20774238 11689841 27890285 28740489 14302711 7774519 4247921 22976923 3212530 9897131 16872139 20017942 3319149 13601559 26123164 3409166 15106781 7318189 
28397306 5863574 
9469514 27135985 
16105400 
11481601 4212613 2846427 28374832 24963837 15449056 20357866 15699267 20705673 11121675 16608882 24864692 25164694 21907098 507501 17214301 12223305 608307 19931313 8192918 6812130 11965530 9239141 13507550 11293163 20361768 884173 13725785 20532191 24479196 20273996 26200396 
8115856 14813275 
21078702 
7545413 2002014 19021614 15459416 4554017 10018024 14927825 15972827 19564427 9122831 15498834 7647445 11600247 17873050 6293068 12720272 8905475 5024079 9458885 8351285 28129886 22657899 2665305 12000114 28781726 24939331 15853148 26512749 15982350 21612352 4771161 24257364 13407370 9378575 12188582 3964984 16734985 9661785 23954391 11089591 16004599 
21252146 
15694430 14275644 1083256 19919919 8562348 10494387 23714794 
28002819 9291323 7506124 
14695888 
25335278 28015776 
21732484 3425550 7815183 
28720928 28661341 
23770232 7349302 9368903 14929924 14433748 21587759 
1999601 15605423 7942023 7669235 17986669 13426699 14176100 7807502 704722 391323 12887132 24672951 3713356 20374363 16204166 1532367 27306590 16789196 
23416017 8606843 206972 
14455400 19473006 3335447 7711448 15339852 8579862 27630279 11871904 25476721 5171534 14189540 25670947 19047980 
3207998 
14670820 
23602058 
13486282 
15525148 
16205024 
18791202 11419269 4977112 11550776 
24091903 8721388 
8811010 27979303 22815137 
9340077 
15795205 
26809402 10939602 9583006 16884406 17303207 19525413 9332413 9095218 26095019 16006220 13219420 22577626 18337828 27089230 10526431 14819831 9298636 3054437 22346642 25767844 22652445 22397051 15861056 25671657 17476070 3669279 27208480 9834886 3521089 22490489 23475890 27653294 829296 12464097 9437497 1173299 23841300 7121901 25467902 13628110 22097511 21971716 24146718 19586930 976130 8973139 13292540 16651544 4731344 20190745 17991945 24703946 13498948 17945148 17872153 18825155 540959 16621762 12350363 20348363 25178163 4939167 20755968 22812169 11833974 10499378 652179 22926784 26779984 27372393 
15080801 12670094 
361875 
8453246 
5962916 26669378 12788798 
7290093 8240738 19194541 18112143 2452364 
16284071 22000673 22089683 18864106 395126 18648576 
16220061 
13104682 12449988 
15403604 6904607 14072413 7697072 3215521 
27414204 
19168696 21886966 
15322833 
8215662 
8219595 
28473840 9465458 15707116 
10491874 20219925 16225347 
6011063 
4209618 25531760 
1283200 7533625 13405231 20057252 13546265 17767710 13322527 2814530 
10989515 9282788 
24449413 11018221 15295824 25935031 8618639 20665652 8028669 9561875 12397484 25486684 25058686 7326722 1978134 22891550 9659172 9346994 20906996 
5603108 
15756196 
26822499 
22003765 
28525863 11269735 
26337267 
22299417 3411441 18558072 18296692 21458519 1834580 
22455494 
18782061 
3130657 
24700034 9794039 10761442 20837252 10952895 12788958 
23433445 26906476 17483938 
1666210 
12260286 
12602152 
23823985 
21136401 
22766109 
15712578 
6577286 
1829639 20113520 16965724 
25500249 26244949 
12380617 
13395606 14923813 6991875 15037682 28251885 17830890 377348 
2752972 
10842512 
13517043 
19315459 
17758063 
6783211 4733647 9371259 20623464 27233124 23421558 19822591 
27630007 3535608 6932214 10275627 20684080 28712691 21701099 4449130 17474741 10156351 12788554 10888155 19771387 23887991 7218794 
27624402 4239604 13283008 7746209 26250010 7203411 22812217 13226821 4206028 10942031 14546433 3914235 28396037 3453439 343439 24826040 14573841 15362642 24610844 23062848 16123653 3933653 13391256 23355057 27741063 23856867 8737471 16878471 6052276 13759279 19847082 12127083 8579084 28530092 3544494 11916497 13817698 25452299 25838301 14898903 19385905 11638505 6856507 13930909 21865910 10940111 16544112 16524712 14413118 25222924 18777525 12001126 3680931 9396931 17955934 10762134 28659736 16542737 25273342 7142542 16568543 14384945 22897747 13781148 1862554 1255756 8871957 14984757 11245557 32959 18000360 22192364 7189164 12546567 8744971 11841574 15618975 20269578 26703180 4901781 9679581 9291985 13679986 104187 25188587 17972788 15732792 16218592 8454793 8843593 20565593 12179399 
9075941 20131371 
10726800 23631001 21364022 27449823 22530837 14018288 10163699 4507900 7792303 10835127 6960729 
13194139 
28092038 13475244 10260654 5796474 5223883 538087 24289509 7114738 8346752 14858356 12988372 8380173 
28619627 8367527 25372344 28253392 
7563737 19250777 
15599376 
16319092 11625797 
22479834 
7566885 
18855380 
20194657 
23949428 8349085 1852713 7271767 22109986 
24388733 
24184041 16911269 6800909 20011329 21601939 
10808015 23826628 9355873 8017764 11171591 7529593 23788794 
25260904 
3372162 
17589091 
19568583 
9207302 
26041127 
23419308 26897910 
22600113 
15879803 9966207 24381207 17518213 8543213 22142430 10544849 15841852 22237459 12795062 25219064 22328871 19522072 5675674 14862076 25939091 12761891 12978093 6302703 28007906 20242510 19834910 20811720 10808927 12766333 24415334 3807538 21133939 16881942 15696756 23972763 19957767 19438572 21122574 8002781 2598188 4003998 20005999 
3248757 
16433477 
4376615 
17279266 
14492963 28262775 
27063643 25415852 
14270281 
11805378 1902583 
709698 
28637003 12519298 23504384 
17288620 
10147269 
20007311 
11138401 25576610 14093216 6430820 6856228 6396856 1760274 22760920 1669941 8079370 545985 4917396 
13810256 
10481041 13923956 
20883304 
3238005 17628229 23218251 18491926 
13937381 
5415007 4229816 13020418 13541819 21195820 26783024 24193626 8048629 26305832 13145836 11233036 26485439 3236439 26143840 9484443 28127854 1580859 9611062 26969264 14048066 28595867 7754070 17099873 16790481 16054887 22556697 14459501 6887502 9564504 4769508 8346714 19674316 23734318 13856118 16744125 26295128 14687134 11748735 28490535 14770736 9214938 21075339 17183340 4172943 14464749 15204553 7116755 7427959 11402759 1897359 19224161 7243563 26591964 12924168 4427378 21987995 10324195 9371199 
11501820 11689034 2607285 8434289 16355890 20114091 13793308 13870524 133730 13695160 6344165 7425387 
22123723 3301944 
9201380 
16604635 21446724 
15621133 
13948612 11823159 
